0.093592
-0.046521
-0.068604
0.068574
0.111625
-0.043544
-0.076132
0.057580
-0.066507
0.092352
0.091553
0.008301
0.092041
0.117042
0.116425
0.021399
0.083629
0.087933
0.031412
0.063772
0.161892
0.063924
0.189542
0.110554
0.104315
0.152768
0.157057
0.062739
0.250947
0.133703
0.125759
0.109457
0.226140
0.314875
0.188086
0.212892
0.173862
0.218707
0.291420
0.208785
0.296849
0.259432
0.215123
0.237947
0.266176
0.255593
0.223602
0.267227
0.281222
0.324053
0.126672
0.244066
0.274137
0.336145
0.240723
0.279823
0.359970
0.278684
0.302618
0.316308
0.342220
0.314158
0.226703
0.350414
0.339334
0.282034
0.373143
0.303587
0.299929
0.374273
0.295855
0.417588
0.393746
0.398380
0.285666
0.346543
0.405298
0.388956
0.363457
0.319471
0.357791
0.314844
0.386519
0.354280
0.409740
0.346989
0.385757
0.392560
0.523318
0.371489
0.340256
0.375614
0.449737
0.283877
0.457711
0.340814
0.306999
0.371883
0.396573
0.387277
0.333919
0.465875
0.441560
0.379613
0.388858
0.426567
0.365080
0.353162
0.455730
0.449839
0.403765
0.424212
0.387808
0.390693
0.405065
0.420814
0.427354
0.311679
0.426737
0.349536
0.407825
0.319846
0.407166
0.355130
0.400578
0.397845
0.359394
0.390479
0.322518
0.340887
0.390615
0.398530
0.390402
0.411036
0.386716
0.374235
0.284385
0.375946
0.364225
0.230213
0.343251
0.350412
0.369548
0.393743
0.294014
0.356167
0.311016
0.315694
0.316029
0.238505
0.250618
0.202737
0.250629
0.244090
0.285705
0.272347
0.358393
0.278182
0.230570
0.362257
0.249892
0.197288
0.186555
0.160218
0.254639
0.291306
0.223900
0.225976
0.193799
0.168063
0.135068
0.421045
0.160955
0.146003
0.148491
0.205756
0.124746
0.133807
0.101731
0.205764
0.118271
0.106592
0.147515
0.104472
-0.013473
0.064679
0.057329
0.186517
0.097340
0.019622
0.088970
0.082235
0.111076
0.034025
0.094910
0.083903
0.105263
0.026495
0.124901
0.033750
-0.003217
0.010407
-0.025083
0.106575
-0.072059
0.011513
-0.083367
-0.066709
-0.012544
0.039307
-0.025687
-0.062839
-0.055940
-0.117108
-0.020825
-0.062320
-0.084821
-0.037258
-0.022209
-0.150095
-0.102210
-0.062871
-0.228656
-0.123943
-0.070556
-0.125535
-0.154985
-0.153523
-0.166430
-0.163791
-0.164205
-0.135297
-0.185581
-0.114944
-0.152169
-0.240270
-0.135272
-0.173437
-0.163857
-0.101263
-0.254253
-0.208767
-0.176575
-0.220612
-0.141026
-0.196448
-0.224393
-0.311382
-0.234078
-0.207537
-0.345894
-0.256159
-0.284010
-0.298157
-0.284560
-0.280687
-0.214699
-0.276470
-0.340828
-0.355357
-0.186291
-0.319345
-0.318429
-0.282688
-0.246253
-0.311746
-0.310446
-0.287717
-0.465802
-0.361375
-0.346590
-0.312857
-0.342361
-0.281739
-0.311028
-0.366287
-0.358675
-0.335864
-0.404069
-0.408682
-0.316612
-0.395000
-0.335837
-0.365835
-0.342129
-0.316622
-0.305777
-0.391760
-0.344496
-0.342469
-0.370683
-0.372325
-0.412081
-0.474899
-0.374711
-0.369395
-0.388121
-0.383290
-0.422998
-0.372304
-0.358204
-0.416701
-0.487094
-0.358417
-0.376085
-0.377472
-0.351804
-0.393830
-0.465111
-0.425795
-0.358015
-0.343209
-0.350918
-0.422550
-0.387980
-0.407411
-0.373200
-0.400184
-0.452939
-0.321254
-0.448159
-0.297548
-0.364424
-0.283155
-0.414660
-0.462999
-0.366371
-0.393243
-0.429367
-0.362906
-0.371714
-0.377884
-0.404872
-0.371184
-0.370685
-0.333195
-0.379464
-0.318364
-0.332704
-0.394142
-0.397728
-0.304738
-0.302114
-0.391511
-0.326207
-0.357950
-0.376271
-0.311384
-0.334812
-0.302937
-0.289517
-0.324643
-0.321273
-0.282460
-0.405051
-0.267329
-0.264660
-0.259144
-0.254708
-0.254864
-0.322992
-0.325880
-0.273257
-0.229545
-0.280518
-0.203576
-0.264206
-0.260190
-0.304029
-0.218175
-0.244808
-0.145723
-0.315101
-0.199992
-0.167561
-0.213125
-0.221476
-0.183266
-0.125067
-0.186979
-0.200464
-0.129728
-0.176525
-0.253985
-0.207741
-0.138741
-0.139208
-0.151164
-0.151385
-0.125138
-0.111681
-0.098776
-0.108988
-0.163206
-0.183166
-0.117152
-0.099168
-0.155100
-0.062336
-0.080826
-0.126006
-0.058482
-0.076333
-0.038976
-0.111762
-0.010784
-0.006310
0.012580
0.004322
-0.032358
0.041110
-0.040356
0.046600
0.047092
0.018875
-0.038121
-0.003074
0.027611
0.048222
0.058396
0.082227
0.088152
0.045423
0.049621
0.107556
0.070587
0.108634
0.177807
0.175094
0.207844
0.160572
0.127322
0.133663
0.152826
0.150429
0.129405
0.091371
0.148663
0.196893
0.153137
0.183545
0.244171
0.219754
0.166642
0.175433
0.194332
0.175885
0.321827
0.150706
0.197421
0.238252
0.194593
0.310749
0.172829
0.217654
0.232765
0.250044
0.247949
0.336178
0.276843
0.350826
0.256868
0.252215
0.321033
0.361763
0.312698
0.321526
0.286179
0.258214
0.257472
0.309835
0.357368
0.160804
0.365163
0.350240
0.206478
0.385011
0.300602
0.350912
0.264360
0.348841
0.332455
0.273995
0.301536
0.319580
0.372823
0.414862
0.325259
0.372809
0.320235
0.366872
0.430436
0.276813
0.390286
0.433884
0.428853
0.396354
0.366620
0.451109
0.342201
0.375953
0.433043
0.468393
0.373714
0.459920
0.343382
0.408071
0.363505
0.305718
0.339387
0.354579
0.317966
0.415151
0.408190
0.414337
0.378746
0.362202
0.481498
0.342271
0.424232
0.437759
0.359500
0.429843
0.464980
0.347645
0.384291
0.416218
0.363914
0.370846
0.392450
0.372626
0.416550
0.448123
0.322754
0.397593
0.419017
0.442535
0.432308
0.306790
0.262484
0.361876
0.284339
0.443265
0.435100
0.366607
0.287635
0.373821
0.407814
0.348293
0.313869
0.355672
0.418164
0.341717
0.343346
0.282743
0.355443
0.281959
0.329573
0.266665
0.209867
0.271449
0.343810
0.313476
0.271730
0.193284
0.328669
0.274792
0.257556
0.231643
0.159101
0.192650
0.249402
0.276512
0.208161
0.291368
0.223047
0.192051
0.158358
0.253477
0.210388
0.099592
0.138636
0.217585
0.225709
0.168810
0.166984
0.147169
0.131286
0.154967
0.118686
0.083072
0.191264
0.095969
0.156351
0.147926
0.117693
0.004064
0.085000
0.126569
0.011396
0.099718
0.120160
-0.044163
0.116114
0.039961
0.166727
0.034246
-0.050586
0.038347
-0.005154
0.022915
0.048467
0.020736
0.024246
-0.064958
0.007677
0.028148
-0.055398
-0.012021
-0.016691
0.010880
0.051162
-0.013752
0.000404
-0.107812
-0.038838
-0.045009
-0.133699
-0.057738
-0.097864
-0.095314
-0.103739
-0.129051
-0.148549
-0.175526
-0.097935
-0.130838
-0.060286
-0.188568
-0.237692
-0.133491
-0.145463
-0.197760
-0.236424
-0.175716
-0.141875
-0.202307
-0.185071
-0.205232
-0.257672
-0.342556
-0.257428
-0.259081
-0.220997
-0.192606
-0.246343
-0.335365
-0.288963
-0.281970
-0.289761
-0.256879
-0.254187
-0.229489
-0.273764
-0.190974
-0.319175
-0.161237
-0.284081
-0.301223
-0.283669
-0.356561
-0.286085
-0.243720
-0.230794
-0.312532
-0.377677
-0.312296
-0.281217
-0.313588
-0.354387
-0.359433
-0.410207
-0.352486
-0.391432
-0.339306
-0.391609
-0.406729
-0.455294
-0.403652
-0.389575
-0.360081
-0.286630
-0.375063
-0.393630
-0.371721
-0.367028
-0.467367
-0.435179
-0.396577
-0.537102
-0.408178
-0.342300
-0.405669
-0.408454
-0.339555
-0.430757
-0.367602
-0.506894
-0.430432
-0.400640
-0.381008
-0.488071
-0.417308
-0.412462
-0.390361
-0.409748
-0.413931
-0.455467
-0.444057
-0.374940
-0.438217
-0.460808
-0.463670
-0.448230
-0.438441
-0.378943
-0.369665
-0.344939
-0.393509
-0.350176
-0.368417
-0.348996
-0.369108
-0.332412
-0.432968
-0.484512
-0.400155
-0.340882
-0.422963
-0.343758
-0.219402
-0.420907
-0.333461
-0.353812
-0.312164
-0.359745
-0.354037
-0.351073
-0.416264
-0.361881
-0.304180
-0.369370
-0.370688
-0.350518
-0.260858
-0.345787
-0.346146
-0.404764
-0.360741
-0.261079
-0.289894
-0.230015
-0.289841
-0.319742
-0.342243
-0.268165
-0.221674
-0.202598
-0.274656
-0.317419
-0.275677
-0.202582
-0.266562
-0.209005
-0.326142
-0.146443
-0.259216
-0.276244
-0.116238
-0.241437
-0.267326
-0.182983
-0.235447
-0.126101
-0.171390
-0.199308
-0.105067
-0.094524
-0.010337
-0.136820
-0.124312
-0.170737
-0.130936
-0.091702
-0.083998
-0.138805
-0.085316
-0.181483
-0.179498
-0.051537
-0.141705
-0.128423
-0.062547
-0.005773
-0.044750
-0.021047
-0.066982
-0.132293
-0.057197
-0.175419
-0.109780
-0.101984
-0.013086
0.029757
-0.027201
-0.021431
-0.037857
0.002528
-0.047872
0.038458
-0.025552
-0.017702
0.013425
0.008789
0.000033
0.052294
0.073890
0.061636
0.040164
0.014117
0.111267
0.053141
0.074481
0.088057
0.067753
0.145941
0.138319
0.146970
0.000350
0.078829
0.116199
0.181342
0.093929
0.130587
0.145231
0.180970
0.061225
0.271426
0.202357
0.184871
0.260860
0.286179
0.128039
0.200564
0.189734
0.231606
0.286328
0.289213
0.256093
0.236614
0.213949
0.242268
0.236642
0.298724
0.185640
0.259383
0.239925
0.398815
0.225569
0.262329
0.274809
0.397529
0.329985
0.209149
0.263370
0.309314
0.363331
0.287178
0.239272
0.312186
0.287227
0.304535
0.343275
0.286726
0.266000
0.418148
0.326031
0.355774
0.402994
0.301802
0.324081
0.269838
0.440403
0.315538
0.361471
0.349535
0.253512
0.319003
0.399006
0.360107
0.373021
0.410978
0.362886
0.329746
0.348898
0.283272
0.339386
0.343208
0.500807
0.352920
0.435626
0.334318
0.419596
0.360055
0.393225
0.357509
0.469869
0.499310
0.402965
0.456685
0.416529
0.361146
0.421254
0.483774
0.391050
0.442747
0.342575
0.372911
0.451923
0.373513
0.382419
0.407201
0.469966
0.404895
0.393901
0.418608
0.417749
0.324222
0.384879
0.385254
0.361918
0.309347
0.296373
0.395288
0.367663
0.366586
0.427996
0.447945
0.365306
0.312142
0.356765
0.404685
0.371716
0.315066
0.341285
0.349815
0.341280
0.306780
0.403785
0.375314
0.397249
0.262513
0.319325
0.306648
0.328298
0.276787
0.281334
0.301190
0.280586
0.291191
0.291547
0.314741
0.253325
0.317276
0.335970
0.304043
0.257672
0.186213
0.215090
0.255361
0.201421
0.257750
0.183172
0.281963
0.194990
0.245405
0.330259
0.218835
0.143682
0.143855
0.249428
0.162017
0.188855
0.183338
0.164771
0.147778
0.143239
0.096913
0.135458
0.195983
0.093710
0.119252
0.118538
0.223428
0.106458
0.123395
0.073454
0.110660
0.079556
0.063009
0.160774
0.033114
0.034648
0.021150
0.116271
-0.040634
0.045485
0.020363
0.036820
0.090190
0.035156
-0.070742
-0.034067
-0.036980
