-0.039181
0.034688
-0.019092
0.039914
0.062616
0.031478
0.004475
0.002556
0.002021
0.104330
-0.009246
0.091566
0.064434
0.122672
0.194038
0.121267
0.079163
0.165656
0.087317
0.124289
0.110323
0.203547
0.129308
0.189980
0.206616
0.192619
0.154679
0.139152
0.097315
0.189115
0.087581
0.208299
0.092587
0.242865
0.205320
0.183942
0.190295
0.153599
0.190587
0.232672
0.190412
0.320646
0.192613
0.189517
0.241956
0.264732
0.335945
0.248695
0.324367
0.309727
0.389599
0.303673
0.253719
0.299846
0.271566
0.312001
0.263028
0.313222
0.227319
0.320405
0.397138
0.366814
0.312650
0.240005
0.293068
0.310930
0.341517
0.421280
0.278210
0.326388
0.294927
0.297834
0.450944
0.396922
0.445077
0.407222
0.395084
0.293372
0.385641
0.471360
0.408389
0.421675
0.433337
0.365574
0.400816
0.471774
0.389202
0.406096
0.492714
0.359916
0.426731
0.472474
0.494964
0.361042
0.352901
0.326132
0.396116
0.406659
0.431254
0.328192
0.414832
0.433675
0.390562
0.377917
0.511052
0.394490
0.420192
0.426343
0.350798
0.302700
0.435770
0.373711
0.440576
0.339503
0.439736
0.452582
0.461050
0.338627
0.434246
0.311983
0.374244
0.382767
0.440133
0.364285
0.343633
0.386509
0.360727
0.451058
0.390316
0.386119
0.361752
0.352040
0.346033
0.277197
0.363322
0.357902
0.347835
0.276309
0.337381
0.324936
0.355318
0.255326
0.366849
0.381049
0.306227
0.308551
0.369024
0.338140
0.259840
0.214830
0.319873
0.296103
0.302031
0.309168
0.362866
0.260683
0.219424
0.392047
0.201870
0.257525
0.271272
0.289968
0.233305
0.104927
0.252041
0.213186
0.180136
0.248125
0.289331
0.237672
0.212885
0.199514
0.191897
0.160334
0.201622
0.113966
0.221364
0.220635
0.150845
0.271232
0.140754
-0.001909
0.122036
0.161652
0.112674
0.141976
0.193448
0.088610
-0.002778
0.056212
-0.001323
0.100889
0.137706
0.095745
0.110236
-0.047288
0.139413
0.100955
0.033214
0.078466
0.085006
0.049572
0.042259
0.013727
-0.032123
0.007763
-0.040836
-0.012495
0.013931
-0.044367
0.012341
-0.024890
-0.037093
-0.072779
-0.074528
-0.112401
-0.022065
-0.067479
-0.084673
-0.125560
-0.005120
-0.062932
-0.170657
-0.142731
-0.051679
-0.213442
-0.142395
-0.095206
-0.173027
-0.116870
-0.135362
-0.172607
-0.145514
-0.123117
-0.236623
-0.132015
-0.126647
-0.170777
-0.217072
-0.195027
-0.297930
-0.177031
-0.232652
-0.241736
-0.204010
-0.193479
-0.201087
-0.305194
-0.267479
-0.123537
-0.336246
-0.315729
-0.255207
-0.226575
-0.267174
-0.151831
-0.271163
-0.318896
-0.406646
-0.259364
-0.321630
-0.266706
-0.335217
-0.217257
-0.269475
-0.251367
-0.272161
-0.286230
-0.360675
-0.313258
-0.306187
-0.333398
-0.358609
-0.369529
-0.400521
-0.419388
-0.283665
-0.408029
-0.288841
-0.363573
-0.346587
-0.380154
-0.249475
-0.351526
-0.420195
-0.488413
-0.336627
-0.420389
-0.277123
-0.396870
-0.416252
-0.411960
-0.364608
-0.367371
-0.358941
-0.367666
-0.264284
-0.368709
-0.414230
-0.388565
-0.408686
-0.365477
-0.442633
-0.463036
-0.425005
-0.456155
-0.422847
-0.300113
-0.331004
-0.352013
-0.386351
-0.381964
-0.435414
-0.380078
-0.458714
-0.387915
-0.342790
-0.328637
-0.455054
-0.313678
-0.481748
-0.388896
-0.488916
-0.336275
-0.321360
-0.419395
-0.461185
-0.323504
-0.329048
-0.412993
-0.452146
-0.439503
-0.338688
-0.399797
-0.387763
-0.423625
-0.347027
-0.386525
-0.311976
-0.431573
-0.253894
-0.370222
-0.322240
-0.302248
-0.364133
-0.379443
-0.384224
-0.277986
-0.241574
-0.324190
-0.239276
-0.279094
-0.198048
-0.294076
-0.333618
-0.334227
-0.398986
-0.236185
-0.212595
-0.233281
-0.258915
-0.165751
-0.292341
-0.260136
-0.281919
-0.241168
-0.247799
-0.219725
-0.182344
-0.246258
-0.190915
-0.169962
-0.223055
-0.114980
-0.334150
-0.229614
-0.240076
-0.175184
-0.227095
-0.142155
-0.063056
-0.140277
-0.172155
-0.201544
-0.115829
-0.193717
-0.177098
-0.183573
-0.066012
-0.197920
-0.050614
-0.104386
-0.122975
-0.062293
-0.114527
-0.029409
-0.125611
-0.100293
-0.135222
-0.019431
-0.086146
-0.068234
-0.060503
-0.109370
-0.043418
0.022842
0.026969
-0.059083
0.017479
-0.069755
0.025796
-0.007563
0.073121
0.035840
0.060528
0.027739
0.058788
0.021515
-0.034580
0.064320
0.062103
0.081149
0.027110
0.034997
0.117214
0.117541
0.123856
0.131395
0.162563
0.134071
0.107251
0.176971
0.111206
0.202584
0.016424
0.185876
0.151768
0.121997
0.171656
0.111853
0.131751
0.119338
0.208186
0.226403
0.194574
0.233297
0.281488
0.192642
0.272076
0.241824
0.186993
0.279272
0.242036
0.187256
0.280017
0.306606
0.362062
0.255407
0.319295
0.306638
0.221569
0.309455
0.273241
0.323621
0.304243
0.288425
0.421373
0.286016
0.243733
0.286363
0.338721
0.309905
0.289496
0.299792
0.214897
0.312782
0.322220
0.272691
0.368174
0.330498
0.317074
0.420087
0.366694
0.435628
0.329175
0.446251
0.353116
0.403042
0.332233
0.448096
0.350439
0.401594
0.355360
0.412692
0.450433
0.424355
0.328789
0.310082
0.420784
0.367545
0.385927
0.398960
0.353016
0.365294
0.411082
0.398561
0.365632
0.437100
0.401313
0.421263
0.403089
0.419841
0.456107
0.477682
0.476973
0.407903
0.412097
0.455003
0.422905
0.486911
0.402962
0.405180
0.465246
0.388962
0.505945
0.413870
0.460391
0.387159
0.417586
0.329571
0.395042
0.381883
0.361154
0.357090
0.397033
0.415161
0.296411
0.295137
0.321076
0.386293
0.394569
0.388865
0.418416
0.410442
0.267997
0.301297
0.427014
0.396985
0.292188
0.314688
0.354550
0.297783
0.291642
0.340285
0.340804
0.370114
0.297402
0.246053
0.344035
0.278662
0.344224
0.261238
0.338712
0.178484
0.213582
0.238278
0.305935
0.181912
0.184807
0.219283
0.198066
0.246210
0.309201
0.185611
0.215437
0.240620
0.181623
0.272968
0.288603
0.156878
0.127576
0.192838
0.195506
0.205168
0.167729
0.173763
0.110654
0.183727
0.143233
0.182918
0.117150
0.141651
0.153220
0.104222
0.050368
0.113677
0.115990
0.118411
0.109611
0.111686
0.046095
0.157123
0.088730
0.131463
0.106298
0.038529
0.125268
0.074639
0.015050
-0.016007
0.029976
-0.002648
0.089440
0.048839
0.064648
-0.060946
-0.044772
-0.084703
0.100209
-0.025117
-0.098479
-0.072971
-0.078487
-0.032141
0.032478
-0.130564
-0.024213
-0.119068
-0.082439
-0.150675
-0.069333
-0.080940
-0.078793
-0.140475
-0.058092
-0.192628
-0.153659
-0.077631
-0.102937
-0.184708
-0.159186
-0.142503
-0.229356
-0.023667
-0.192639
-0.133970
-0.173453
-0.182955
-0.237058
-0.201646
-0.213182
-0.217477
-0.188697
-0.219630
-0.244138
-0.250680
-0.209927
-0.115541
-0.211954
-0.245582
-0.201741
-0.206714
-0.278741
-0.223855
-0.226448
-0.317866
-0.296843
-0.321080
-0.269832
-0.292332
-0.244640
-0.335983
-0.316441
-0.331124
-0.340282
-0.240568
-0.301461
-0.391447
-0.263374
-0.311892
-0.382400
-0.455368
-0.412248
-0.403680
-0.294401
-0.262860
-0.308010
-0.298568
-0.323178
-0.361542
-0.378234
-0.346601
-0.404009
-0.393477
-0.376256
-0.435548
-0.300678
-0.503977
-0.448299
-0.398420
-0.447267
-0.424733
-0.372345
-0.380838
-0.419553
-0.427089
-0.393610
-0.382296
-0.385407
-0.365668
-0.408474
-0.459676
-0.350080
-0.418187
-0.367121
-0.407812
-0.428984
-0.458413
-0.383770
-0.406295
-0.367035
-0.384573
-0.331737
-0.396391
-0.426097
-0.412248
-0.366447
-0.392824
-0.411611
-0.338952
-0.425389
-0.384238
-0.362772
-0.387476
-0.397855
-0.423884
-0.386491
-0.375469
-0.374679
-0.351466
-0.361046
-0.346306
-0.384625
-0.425885
-0.339941
-0.298469
-0.389217
-0.178692
-0.353846
-0.422751
-0.295218
-0.247460
-0.316397
-0.297537
-0.295204
-0.427879
-0.335140
-0.305933
-0.301324
-0.327707
-0.294557
-0.413155
-0.324214
-0.283040
-0.316654
-0.348634
-0.320131
-0.318832
-0.339207
-0.302338
-0.331849
-0.260121
-0.214303
-0.359413
-0.260023
-0.315165
-0.322621
-0.288890
-0.335854
-0.232561
-0.129156
-0.169569
-0.183804
-0.180647
-0.197682
-0.145465
-0.190475
-0.119674
-0.067373
-0.178213
-0.200463
-0.146981
-0.291261
-0.133799
-0.180047
-0.122142
-0.173973
-0.282125
-0.080688
-0.044019
-0.134914
-0.076447
-0.072833
-0.023714
0.008453
-0.054319
0.005656
-0.096321
-0.001521
-0.116513
0.027322
-0.105776
0.031710
-0.021058
-0.078539
0.020387
0.039891
0.026532
-0.041830
0.065139
0.018300
-0.007243
-0.049038
0.083022
0.114030
0.067609
0.144980
0.058351
0.107673
0.121311
0.013711
0.092689
0.166135
0.092570
0.124957
0.120362
0.179731
0.149899
0.178436
0.072205
0.214045
0.180253
0.125374
0.126146
0.132118
0.132142
0.126984
0.128739
0.126667
0.211539
0.161531
0.085237
0.123402
0.216113
0.221129
0.174620
0.209890
0.226276
0.246118
0.272316
0.220110
0.332710
0.202987
0.258630
0.270551
0.253815
0.178642
0.217626
0.296652
0.278447
0.291180
0.297624
0.302962
0.400095
0.332543
0.336984
0.275301
0.240556
0.341262
0.506047
0.362167
0.333308
0.292023
0.269123
0.357298
0.326811
0.374824
0.280080
0.363898
0.346662
0.262458
0.430623
0.411520
0.323807
0.402261
0.297804
0.290892
0.370044
0.399356
0.324220
0.401658
0.393901
0.400857
0.335472
0.377426
0.354219
0.446736
0.365631
0.423249
0.397476
0.390354
0.404602
0.443123
0.356296
0.438065
0.433544
0.321576
0.363545
0.379350
0.374525
0.343367
0.466169
0.408170
0.451726
0.408777
0.509698
0.389756
0.430569
0.404105
0.393514
0.404332
0.393887
0.403925
0.321961
0.351763
0.419182
0.371645
0.371464
0.416320
0.353321
0.391511
0.409414
0.409840
0.487882
0.409197
0.372240
0.412380
0.358901
0.372668
0.338251
0.308534
0.316687
0.338840
0.322097
0.343669
0.402744
0.360390
0.371935
0.345008
0.360541
0.286394
0.257085
0.271771
0.352143
0.384028
0.285924
0.399159
0.371943
0.254510
0.332067
0.169940
0.268248
0.299157
0.326485
0.276475
0.347715
0.234160
0.264892
0.182901
0.239418
0.225815
0.162176
0.188922
0.237614
0.202437
0.193322
0.201920
0.254630
0.200368
0.223478
0.159884
0.235345
0.322337
0.150399
0.111961
0.203722
0.257477
0.230131
0.256935
0.158462
0.089120
0.115521
0.123414
0.141366
0.101386
0.089822
-0.068019
0.077423
0.154509
0.034644
0.093056
0.057419
0.141272
0.098165
0.096424
0.028793
0.103130
0.054549
0.116991
0.049709
-0.003343
0.079591
-0.013164
-0.002522
