-0.021025
0.104069
-0.075377
0.024105
0.047286
0.111453
0.082845
-0.003687
0.041704
0.057433
0.033490
0.087770
0.036743
0.084399
0.096941
0.142861
0.098097
0.021211
0.054728
0.102708
0.111281
0.122238
0.172518
0.098116
0.173371
0.065661
0.085119
0.232058
0.073987
0.218878
0.198402
0.230480
0.171381
0.135433
0.217272
0.310702
0.155200
0.262976
0.241236
0.235035
0.144546
0.185437
0.145832
0.292486
0.203956
0.190025
0.222083
0.262331
0.321910
0.270133
0.332872
0.263849
0.327038
0.268486
0.177511
0.307100
0.358418
0.306517
0.243628
0.273653
0.337643
0.286532
0.349707
0.376930
0.317781
0.400313
0.272766
0.274964
0.341915
0.385376
0.282194
0.347306
0.279812
0.316420
0.361055
0.476557
0.342741
0.371551
0.353443
0.422427
0.369106
0.304081
0.386658
0.388934
0.433306
0.331098
0.409283
0.345196
0.329275
0.399850
0.392485
0.335424
0.398456
0.442084
0.361079
0.386306
0.368045
0.293288
0.406318
0.375691
0.426948
0.437874
0.451443
0.399946
0.540886
0.371321
0.396750
0.493102
0.389846
0.432343
0.420508
0.471033
0.427712
0.469059
0.336332
0.372825
0.442655
0.343912
0.421730
0.435681
0.417571
0.383805
0.315373
0.408630
0.367874
0.335586
0.293503
0.330541
0.390620
0.430600
0.409555
0.366175
0.396121
0.340847
0.304069
0.311111
0.313082
0.376655
0.336353
0.229415
0.301958
0.277170
0.339420
0.295837
0.342279
0.321229
0.367640
0.330433
0.237692
0.310432
0.242323
0.220872
0.293190
0.224997
0.185822
0.335995
0.189561
0.365565
0.240392
0.212297
0.177679
0.210513
0.312172
0.275606
0.260934
0.218817
0.187610
0.248954
0.225455
0.193608
0.095470
0.189592
0.176575
0.140818
0.076483
0.129113
0.152072
0.200373
0.184006
0.170453
0.084706
0.096208
0.091119
0.151316
0.134975
0.112917
0.102591
0.120717
0.082694
0.029510
0.068286
0.160881
0.026410
0.023960
0.004099
0.040020
0.047046
0.027004
0.050343
-0.046215
0.126353
0.030442
-0.010048
0.074518
0.046165
0.019701
0.032222
0.058773
-0.042465
-0.057252
-0.062003
-0.057217
-0.012922
-0.001634
-0.130030
-0.019240
-0.018127
-0.112804
0.021679
-0.047563
-0.012237
-0.172982
-0.174715
-0.164217
-0.170731
-0.103988
-0.128052
-0.147809
-0.175068
-0.073443
-0.122728
-0.133040
-0.142622
-0.190346
-0.126749
-0.138665
-0.159013
-0.105428
-0.269353
-0.185826
-0.254721
-0.216482
-0.156622
-0.216401
-0.159286
-0.177612
-0.205340
-0.355716
-0.270430
-0.302382
-0.282173
-0.166565
-0.237472
-0.240241
-0.330464
-0.198891
-0.209106
-0.281831
-0.330834
-0.246714
-0.276547
-0.305609
-0.232565
-0.332439
-0.342646
-0.397274
-0.310316
-0.444904
-0.332259
-0.260587
-0.459313
-0.337352
-0.336051
-0.424915
-0.360215
-0.406694
-0.429860
-0.384451
-0.309752
-0.315576
-0.357765
-0.422892
-0.281441
-0.335480
-0.387587
-0.386114
-0.369877
-0.385937
-0.344800
-0.475564
-0.425828
-0.418672
-0.455922
-0.449922
-0.396373
-0.350999
-0.329734
-0.386456
-0.388261
-0.415795
-0.452267
-0.323736
-0.439601
-0.369961
-0.436430
-0.479741
-0.414201
-0.414097
-0.409491
-0.446556
-0.396691
-0.457895
-0.382138
-0.482637
-0.393447
-0.442122
-0.465201
-0.319813
-0.421870
-0.442802
-0.471689
-0.488941
-0.445236
-0.387890
-0.333412
-0.375582
-0.403078
-0.456237
-0.375418
-0.303493
-0.341761
-0.427456
-0.329805
-0.370316
-0.462735
-0.328320
-0.396077
-0.424389
-0.413504
-0.385358
-0.430387
-0.380303
-0.286606
-0.418741
-0.343388
-0.371312
-0.317197
-0.338763
-0.392638
-0.257523
-0.232013
-0.452032
-0.220790
-0.332675
-0.246402
-0.324727
-0.286212
-0.249488
-0.274140
-0.295882
-0.222764
-0.259697
-0.344595
-0.278015
-0.275153
-0.279500
-0.242194
-0.213811
-0.169399
-0.279056
-0.189703
-0.173087
-0.210232
-0.238968
-0.207814
-0.232247
-0.236543
-0.135621
-0.233155
-0.137040
-0.212909
-0.195973
-0.205249
-0.152661
-0.164445
-0.136329
-0.101306
-0.201964
-0.082334
-0.058062
-0.028236
-0.124230
-0.095657
-0.049331
-0.077264
-0.033332
-0.079003
-0.052845
-0.131240
-0.111645
-0.050650
-0.094388
0.049520
-0.064095
0.028153
0.000810
-0.032193
-0.131397
0.035716
-0.090147
0.068085
0.014038
-0.026663
-0.005977
0.061556
-0.022475
0.013661
0.117923
0.083802
0.029212
0.037335
0.088176
0.061310
0.097842
0.063253
0.170977
0.133249
0.120800
0.173829
0.181696
0.158851
0.196765
0.119593
0.075820
0.079881
0.188052
0.234311
0.148195
0.134447
0.248103
0.161810
0.185687
0.218886
0.154304
0.192993
0.165431
0.160304
0.271813
0.301167
0.232034
0.116876
0.303249
0.274109
0.317374
0.300257
0.229234
0.240680
0.267783
0.283643
0.219479
0.282418
0.279216
0.198560
0.273364
0.220834
0.280227
0.226670
0.366529
0.276175
0.259500
0.337126
0.293283
0.248502
0.271468
0.309211
0.379989
0.347779
0.379423
0.361157
0.419501
0.245428
0.364794
0.348171
0.332328
0.418044
0.340159
0.387325
0.346286
0.407376
0.356506
0.378578
0.385089
0.476325
0.285228
0.406140
0.409867
0.347486
0.357692
0.367924
0.430336
0.375038
0.347338
0.316212
0.306238
0.398678
0.315249
0.424801
0.394302
0.418737
0.371896
0.408163
0.412804
0.424330
0.476229
0.361028
0.480341
0.514839
0.399903
0.358004
0.409146
0.359912
0.340622
0.333762
0.414225
0.317652
0.433028
0.443844
0.416146
0.382036
0.371934
0.391853
0.336911
0.385030
0.443046
0.462531
0.298140
0.317207
0.409597
0.367888
0.406717
0.482779
0.407023
0.317879
0.392832
0.350349
0.298330
0.292819
0.338159
0.396141
0.451862
0.377295
0.226500
0.339964
0.330543
0.352585
0.416558
0.264065
0.276439
0.309200
0.328349
0.179093
0.349341
0.293813
0.258465
0.318698
0.280237
0.215561
0.206864
0.168524
0.233163
0.248412
0.254751
0.211818
0.310802
0.197081
0.262286
0.314770
0.376716
0.202181
0.085381
0.232924
0.134659
0.217708
0.258166
0.109406
0.122208
0.171472
0.107706
0.180585
0.131005
0.134678
0.102791
0.179402
0.102760
0.030418
0.101356
0.158248
0.118942
0.064274
0.061011
0.092715
0.176613
0.082693
0.007480
0.087015
0.009535
0.037673
0.075133
0.054390
0.114793
-0.022921
-0.043315
-0.091096
0.070164
0.106483
-0.019403
-0.038681
0.090200
-0.055211
-0.027585
-0.122260
-0.072722
-0.092130
-0.083600
-0.120000
-0.200737
-0.056090
-0.106185
-0.026100
-0.135190
-0.098925
-0.065681
-0.031273
-0.249669
-0.074953
-0.118689
-0.138346
-0.180976
-0.222775
-0.092441
-0.201605
-0.182258
-0.142264
-0.181418
-0.160751
-0.118447
-0.250524
-0.241373
-0.308320
-0.177199
-0.203929
-0.183412
-0.221150
-0.161667
-0.248603
-0.250293
-0.178462
-0.269017
-0.350497
-0.293911
-0.184933
-0.298789
-0.294326
-0.356591
-0.337422
-0.329284
-0.283827
-0.264801
-0.328893
-0.371946
-0.311796
-0.370478
-0.280433
-0.320641
-0.351983
-0.413519
-0.362956
-0.391317
-0.238041
-0.296047
-0.264420
-0.353040
-0.350530
-0.396773
-0.246640
-0.355400
-0.326990
-0.393487
-0.349503
-0.245728
-0.443177
-0.347930
-0.403060
-0.317403
-0.364902
-0.346645
-0.395793
-0.430851
-0.355644
-0.394086
-0.349430
-0.436296
-0.341065
-0.330341
-0.372653
-0.378939
-0.393458
-0.381203
-0.425446
-0.320483
-0.475446
-0.422743
-0.413678
-0.430532
-0.403024
-0.341299
-0.459203
-0.446449
-0.355285
-0.435886
-0.396267
-0.402064
-0.462865
-0.273118
-0.345643
-0.405183
-0.393076
-0.339739
-0.360949
-0.433393
-0.353932
-0.435432
-0.403294
-0.385979
-0.427921
-0.314633
-0.342325
-0.392823
-0.322536
-0.309058
-0.424839
-0.401813
-0.378225
-0.332504
-0.403760
-0.304449
-0.402777
-0.347573
-0.400202
-0.311671
-0.335155
-0.260113
-0.410607
-0.373096
-0.384679
-0.353913
-0.293801
-0.241626
-0.303971
-0.419506
-0.247669
-0.374135
-0.261685
-0.339259
-0.335953
-0.295870
-0.259782
-0.216935
-0.197888
-0.243147
-0.281947
-0.298103
-0.320750
-0.277438
-0.303693
-0.242730
-0.246332
-0.143766
-0.199698
-0.208620
-0.236723
-0.207686
-0.283835
-0.231648
-0.189550
-0.150854
-0.250836
-0.215401
-0.182373
-0.216807
-0.205437
-0.171161
-0.120635
-0.093816
-0.219004
-0.154414
-0.105320
-0.194858
-0.127780
-0.059206
-0.077759
-0.096806
-0.040375
-0.084406
-0.157836
-0.092432
-0.001321
-0.105203
-0.065844
-0.089944
-0.054216
-0.025815
-0.061599
-0.111279
-0.043109
-0.049254
-0.035934
0.027120
-0.011542
-0.044083
-0.051924
-0.037683
0.024915
0.071088
-0.012307
0.021567
0.035712
-0.032939
0.069716
0.066957
0.050506
0.032452
0.113019
0.114083
0.095057
0.127801
0.057381
0.115942
0.185175
0.173801
0.033800
0.096071
0.154942
0.149209
0.164890
0.108988
0.146645
0.157358
0.134405
0.178887
0.165873
0.193894
0.166647
0.206118
0.275612
0.165633
0.178259
0.241341
0.260600
0.214549
0.244928
0.250126
0.335448
0.226531
0.323149
0.201918
0.309951
0.243682
0.232610
0.252377
0.205059
0.342080
0.251809
0.428865
0.352967
0.299522
0.261979
0.200496
0.318338
0.295610
0.316303
0.305632
0.342028
0.386844
0.405754
0.266630
0.323930
0.403116
0.412900
0.384424
0.339580
0.362291
0.344315
0.366046
0.392540
0.313388
0.335244
0.350579
0.333902
0.369715
0.387746
0.390753
0.417632
0.440592
0.381531
0.372149
0.338297
0.407379
0.322585
0.380815
0.307737
0.367647
0.468276
0.424985
0.458378
0.422011
0.498516
0.413811
0.364209
0.306743
0.368366
0.482908
0.285746
0.435638
0.415829
0.395017
0.430367
0.406509
0.388588
0.450066
0.391947
0.413419
0.506316
0.378158
0.426564
0.336807
0.333546
0.461889
0.392104
0.370219
0.309168
0.350879
0.398001
0.387188
0.519987
0.378873
0.321370
0.263031
0.384753
0.317161
0.387726
0.425369
0.412514
0.358740
0.377399
0.404262
0.290040
0.389367
0.353301
0.324952
0.264862
0.361416
0.377204
0.349450
0.304957
0.259949
0.333588
0.322209
0.260243
0.318935
0.250188
0.212805
0.184722
0.250337
0.211868
0.280687
0.169010
0.264896
0.285208
0.334848
0.305315
0.200698
0.187956
0.253376
0.261552
0.253031
0.221950
0.335381
0.154698
0.144589
0.282342
0.192046
0.249603
0.211804
0.140334
0.167588
0.101689
0.117470
0.116210
0.101301
0.116673
0.054690
0.146678
0.148208
0.193819
0.074682
0.133028
0.127833
0.151499
0.080921
0.028216
0.037217
0.117559
0.068830
0.055077
0.071152
0.073366
0.051010
0.036783
-0.038695
-0.081014
0.027355
0.052075
0.002090
