0.012068
0.057251
-0.013232
0.033278
0.035571
-0.017800
0.047057
0.025153
0.042045
0.110353
0.163434
0.091181
0.014895
0.129493
0.103865
0.048090
0.046103
0.134327
0.046699
0.206089
0.078561
0.117307
0.145942
0.181898
0.097701
0.089513
0.193831
0.210451
0.199342
0.165919
0.276408
0.223383
0.223150
0.178302
0.188597
0.230596
0.179835
0.219158
0.261391
0.205554
0.202214
0.193930
0.166750
0.312269
0.237362
0.221653
0.202246
0.235129
0.267117
0.244126
0.266754
0.327240
0.296461
0.301364
0.230885
0.270043
0.275195
0.264177
0.263482
0.318783
0.417030
0.273511
0.315307
0.360659
0.373439
0.380171
0.326288
0.375078
0.213816
0.318156
0.333099
0.230668
0.252815
0.331392
0.353805
0.377881
0.409550
0.373210
0.404297
0.345914
0.359103
0.394056
0.327946
0.455031
0.352413
0.395700
0.384204
0.521811
0.446353
0.312823
0.378087
0.457875
0.416652
0.312776
0.329786
0.456924
0.358922
0.400997
0.221035
0.385935
0.349173
0.328100
0.448363
0.447654
0.426039
0.395439
0.405947
0.351581
0.451263
0.504057
0.319845
0.448010
0.407452
0.440634
0.453325
0.397073
0.425187
0.263123
0.399097
0.365499
0.353346
0.428210
0.376380
0.312222
0.426117
0.435868
0.406246
0.348931
0.300494
0.433085
0.407538
0.279588
0.391126
0.336232
0.393431
0.355237
0.358184
0.309686
0.263504
0.430659
0.364612
0.387663
0.435289
0.389691
0.275768
0.264477
0.306556
0.338175
0.259707
0.319568
0.263624
0.229620
0.247871
0.250102
0.335205
0.332764
0.282617
0.304834
0.302121
0.234816
0.225839
0.224374
0.241523
0.222200
0.241118
0.208130
0.246084
0.255953
0.191778
0.262451
0.155279
0.171955
0.174057
0.108610
0.190621
0.121674
0.070702
0.130523
0.249134
0.159899
0.120406
0.083936
0.077827
0.161322
0.134401
0.063117
0.238635
0.054245
0.097957
0.137060
0.196114
0.139784
0.071116
0.093712
0.146233
0.137038
0.009180
0.009704
0.040447
0.029642
-0.024163
0.094165
0.033873
-0.034006
-0.003163
-0.039635
0.000279
-0.038483
-0.030003
0.012096
-0.098726
0.033571
-0.060913
-0.113219
0.076057
-0.047507
-0.067904
0.032139
-0.017317
-0.088817
0.003674
-0.106047
-0.125173
-0.106278
-0.154278
-0.086231
-0.166338
-0.233031
-0.057102
-0.125286
-0.179713
-0.133616
-0.197282
-0.098798
-0.117860
-0.201788
-0.248873
-0.099534
-0.118095
-0.116949
-0.360738
-0.185588
-0.165685
-0.182834
-0.262089
-0.168485
-0.290573
-0.295264
-0.258887
-0.363837
-0.293951
-0.276381
-0.255287
-0.246905
-0.276442
-0.268527
-0.255577
-0.234448
-0.248307
-0.256942
-0.326379
-0.317231
-0.345505
-0.278614
-0.313967
-0.246504
-0.375951
-0.364767
-0.371581
-0.345586
-0.422235
-0.367134
-0.348819
-0.325241
-0.299294
-0.365142
-0.429875
-0.377590
-0.328210
-0.369488
-0.327716
-0.436407
-0.410105
-0.421257
-0.381548
-0.355144
-0.374807
-0.396982
-0.336614
-0.347078
-0.416132
-0.478178
-0.349588
-0.463653
-0.476596
-0.464577
-0.391476
-0.352137
-0.369957
-0.366720
-0.413477
-0.359134
-0.394713
-0.383178
-0.419862
-0.300028
-0.427251
-0.331896
-0.576845
-0.404427
-0.429513
-0.449332
-0.326850
-0.430563
-0.403797
-0.388583
-0.421064
-0.366089
-0.390619
-0.420584
-0.461737
-0.419832
-0.388387
-0.430541
-0.428141
-0.356424
-0.345654
-0.284452
-0.354186
-0.478842
-0.299350
-0.353048
-0.312197
-0.350002
-0.336283
-0.310922
-0.387273
-0.382944
-0.479099
-0.326904
-0.304370
-0.353333
-0.303765
-0.292869
-0.294205
-0.420953
-0.290128
-0.263730
-0.449750
-0.362925
-0.409647
-0.202487
-0.243163
-0.234182
-0.293752
-0.286442
-0.297624
-0.375487
-0.322740
-0.278693
-0.268619
-0.279917
-0.361329
-0.269596
-0.216106
-0.300648
-0.309130
-0.188354
-0.226798
-0.159525
-0.288452
-0.151423
-0.216026
-0.209268
-0.216626
-0.288799
-0.255556
-0.214965
-0.175095
-0.097361
-0.111034
-0.141653
-0.150301
-0.180936
-0.116747
-0.113195
-0.116350
-0.139377
-0.176362
-0.146209
-0.135894
-0.158373
-0.067230
-0.106629
-0.012717
-0.066362
-0.088264
-0.058895
-0.029224
-0.111377
-0.112772
0.012742
-0.039284
0.003106
0.009929
-0.026345
0.019359
-0.016349
-0.000102
-0.111164
0.027490
0.045876
0.029182
0.069980
0.042338
0.023664
0.104551
-0.010564
0.038460
0.117155
0.105596
0.005978
-0.018289
0.081999
0.113130
0.085656
0.237124
0.121634
0.116489
0.088082
0.166679
0.130259
0.173283
0.093045
0.212300
0.201649
0.105675
0.051928
0.170713
0.142712
0.152569
0.193684
0.185799
0.168906
0.239211
0.178170
0.224067
0.139807
0.199871
0.144504
0.210054
0.307548
0.350560
0.292959
0.273199
0.303147
0.310201
0.358677
0.261403
0.329926
0.352006
0.248796
0.238885
0.305521
0.301128
0.348293
0.289479
0.306654
0.253391
0.354487
0.347660
0.326476
0.273975
0.317645
0.314237
0.373208
0.299042
0.365574
0.333064
0.354819
0.349781
0.362589
0.369271
0.380969
0.347591
0.480566
0.331718
0.416385
0.351451
0.345061
0.377100
0.294746
0.355024
0.483658
0.473013
0.308959
0.421308
0.438175
0.385400
0.387340
0.350722
0.421613
0.323326
0.327781
0.430102
0.401395
0.427162
0.390925
0.402091
0.350001
0.389610
0.502713
0.351428
0.388229
0.405578
0.424691
0.385413
0.329622
0.432022
0.336390
0.434438
0.409236
0.321454
0.427269
0.316718
0.400262
0.364735
0.443432
0.441435
0.307696
0.402706
0.444607
0.426834
0.397948
0.392436
0.383113
0.364924
0.332413
0.405196
0.412101
0.335032
0.400051
0.340379
0.409426
0.384760
0.491201
0.328840
0.284030
0.377492
0.309547
0.352584
0.371713
0.303091
0.354738
0.347423
0.302547
0.267162
0.256248
0.416149
0.343820
0.379611
0.309898
0.277178
0.184566
0.312045
0.179068
0.260526
0.145948
0.258746
0.346423
0.265741
0.219784
0.188058
0.242456
0.234908
0.251007
0.153329
0.255595
0.193894
0.307020
0.199360
0.158281
0.193880
0.182007
0.258298
0.131457
0.148899
0.181006
0.097164
0.179050
0.177059
0.091078
0.165589
0.093804
0.173072
0.071822
0.186946
0.071122
0.103232
0.110001
0.102005
0.090042
0.024680
0.110028
0.107192
0.083098
0.016457
-0.004331
0.089792
-0.041405
0.084100
-0.065612
-0.036056
0.012075
-0.031380
-0.096210
-0.017887
-0.055572
-0.069390
-0.042126
-0.195980
0.007225
-0.072507
-0.073379
-0.085368
-0.041452
-0.082503
-0.009814
-0.068796
-0.093764
-0.104923
-0.082195
-0.057251
-0.149163
-0.086718
-0.177418
-0.135286
-0.193255
-0.185035
-0.188406
-0.213709
-0.078913
-0.202340
-0.164391
-0.234151
-0.173738
-0.260011
-0.278318
-0.235705
-0.236583
-0.275256
-0.228791
-0.214424
-0.258972
-0.182203
-0.257688
-0.221076
-0.276901
-0.262078
-0.240685
-0.217416
-0.230817
-0.265318
-0.256402
-0.214695
-0.379815
-0.264995
-0.250388
-0.267470
-0.305733
-0.302169
-0.286548
-0.320852
-0.244538
-0.319888
-0.381836
-0.334102
-0.274503
-0.268547
-0.381192
-0.286393
-0.344182
-0.360071
-0.327340
-0.342074
-0.381151
-0.369369
-0.373509
-0.345617
-0.323935
-0.406949
-0.410427
-0.404940
-0.386453
-0.403529
-0.409543
-0.334375
-0.297122
-0.418673
-0.333697
-0.375903
-0.376380
-0.389315
-0.510976
-0.333654
-0.279798
-0.376871
-0.391791
-0.444983
-0.437358
-0.364684
-0.345793
-0.379390
-0.351248
-0.323181
-0.410153
-0.478084
-0.380135
-0.469945
-0.351425
-0.331276
-0.370502
-0.526375
-0.361520
-0.447251
-0.462249
-0.366573
-0.414015
-0.283149
-0.430400
-0.338945
-0.378028
-0.379994
-0.344644
-0.376291
-0.391988
-0.403972
-0.471846
-0.352894
-0.347248
-0.371627
-0.491738
-0.351260
-0.400845
-0.335941
-0.308641
-0.377863
-0.283837
-0.298251
-0.318636
-0.383243
-0.357005
-0.329029
-0.320567
-0.389367
-0.344688
-0.381291
-0.319305
-0.316904
-0.315078
-0.348967
-0.161591
-0.420886
-0.350300
-0.440414
-0.273129
-0.373996
-0.226718
-0.231537
-0.289095
-0.263521
-0.288822
-0.200756
-0.302184
-0.308412
-0.232516
-0.192018
-0.257662
-0.300271
-0.231146
-0.180244
-0.176974
-0.254437
-0.262627
-0.152009
-0.225932
-0.108027
-0.254230
-0.140891
-0.117517
-0.201953
-0.228622
-0.257361
-0.099266
-0.109812
-0.162818
-0.105152
-0.185790
-0.122566
-0.060455
-0.141457
-0.145699
-0.149496
-0.062118
-0.125026
-0.098539
-0.037132
-0.034247
-0.110984
-0.113422
0.016985
-0.077559
-0.116802
-0.182424
-0.056559
-0.030014
-0.013279
0.008331
0.020033
-0.019646
-0.051361
0.078113
0.076428
0.046157
0.008145
0.047815
-0.120626
0.040372
0.026396
0.007726
0.068915
0.068219
0.027516
0.077995
0.161141
0.084844
0.127458
0.111430
0.107391
0.172838
0.162316
0.189589
0.158835
0.055728
0.221391
0.140833
0.225816
0.157592
0.144765
0.211258
0.188802
0.221569
0.286841
0.198093
0.264523
0.074906
0.147138
0.281746
0.192318
0.217737
0.242069
0.245365
0.173006
0.232778
0.223284
0.281614
0.299345
0.288973
0.330960
0.328635
0.269306
0.237567
0.299512
0.291585
0.256800
0.197462
0.364907
0.357767
0.287080
0.304850
0.288159
0.269026
0.333241
0.374905
0.318447
0.369828
0.379956
0.403916
0.357334
0.299087
0.287109
0.425251
0.381689
0.415622
0.313422
0.412769
0.439853
0.380458
0.366959
0.432410
0.421376
0.479477
0.371548
0.328767
0.452415
0.464004
0.423813
0.344148
0.421374
0.428844
0.492621
0.370730
0.391373
0.338570
0.320048
0.373516
0.396104
0.476585
0.353980
0.418053
0.464664
0.383080
0.363290
0.389393
0.427812
0.415674
0.452139
0.383705
0.344642
0.369020
0.351080
0.345657
0.409561
0.307805
0.423976
0.436017
0.445776
0.436276
0.419289
0.403678
0.451905
0.366304
0.344981
0.322229
0.411560
0.339343
0.290497
0.398018
0.344813
0.397579
0.275633
0.310747
0.475566
0.320320
0.321669
0.375593
0.339174
0.299338
0.301720
0.415221
0.313982
0.436787
0.455384
0.299156
0.321398
0.305750
0.220595
0.249038
0.289919
0.236370
0.269340
0.353262
0.296837
0.219425
0.221885
0.221485
0.280417
0.216402
0.363630
0.291401
0.325428
0.267281
0.199943
0.150416
0.160607
0.211451
0.266865
0.214700
0.224570
0.184355
0.107278
0.190791
0.206968
0.155137
0.177617
0.092613
0.225035
0.202783
0.064663
0.176530
0.191090
0.121721
0.207944
0.120841
0.174190
0.122259
0.084628
0.086522
-0.030435
0.042677
0.104238
0.118165
0.060762
0.033606
0.024402
0.114566
0.108452
0.003071
-0.083342
0.031697
0.020043
-0.003474
-0.039515
0.008529
