0.091827
0.027655
-0.013175
0.043356
0.051398
-0.045061
-0.035179
0.015050
0.020102
0.087479
0.013134
0.067944
0.041940
0.053354
-0.061829
0.018762
0.162623
0.060482
0.105833
0.127694
0.106122
0.062907
0.108222
0.263797
0.147606
0.131527
0.185344
0.125345
0.240548
0.240692
0.209544
0.236340
0.149089
0.300244
0.234561
0.308669
0.205822
0.106762
0.143221
0.166659
0.271965
0.199464
0.327754
0.281493
0.189542
0.291413
0.257888
0.272605
0.226720
0.367623
0.246645
0.312810
0.215815
0.232847
0.289973
0.254775
0.220135
0.355998
0.354407
0.319128
0.342305
0.226088
0.405937
0.221924
0.309108
0.293121
0.328678
0.283210
0.400200
0.385330
0.384137
0.314819
0.344932
0.312790
0.381103
0.401255
0.333944
0.343533
0.338280
0.375669
0.459314
0.426480
0.420990
0.360159
0.374810
0.396430
0.391846
0.368088
0.401756
0.328569
0.357055
0.367623
0.370103
0.468325
0.371192
0.393244
0.405010
0.461768
0.433412
0.479785
0.498981
0.398928
0.494228
0.346083
0.395494
0.366145
0.447180
0.398906
0.327123
0.318026
0.391431
0.362838
0.462490
0.470808
0.484754
0.454140
0.398746
0.435724
0.407481
0.394867
0.404684
0.333383
0.378120
0.270986
0.385810
0.364640
0.391858
0.424160
0.309188
0.415436
0.339967
0.350398
0.485456
0.426813
0.244071
0.390185
0.333867
0.294622
0.380699
0.282954
0.348718
0.275889
0.347432
0.346113
0.387717
0.309398
0.244836
0.317214
0.325789
0.142160
0.330504
0.239001
0.374858
0.273801
0.298500
0.256892
0.221422
0.170391
0.227631
0.206898
0.228746
0.187200
0.250445
0.206681
0.201945
0.257214
0.231653
0.169471
0.169352
0.258243
0.195831
0.210600
0.149980
0.116044
0.112625
0.195452
0.099222
0.131393
0.140753
0.136252
0.111528
0.139694
0.111478
0.099222
0.206903
0.129377
0.130963
0.106478
0.030502
0.097030
0.077916
0.079111
0.101994
0.090632
0.036303
0.080355
0.067181
-0.009123
0.070640
-0.031023
0.077260
-0.038182
0.034617
-0.031195
-0.041695
0.017252
-0.025297
-0.052007
-0.037593
-0.069432
0.135428
-0.075856
-0.087054
-0.006378
-0.052290
-0.139927
-0.010472
-0.045829
-0.169898
-0.101714
-0.086635
-0.117899
-0.177906
-0.050521
-0.136984
-0.055803
-0.204327
-0.143698
-0.201262
-0.127083
-0.121208
-0.243833
-0.110726
-0.112664
-0.186106
-0.246913
-0.184560
-0.224885
-0.127468
-0.247163
-0.291885
-0.263288
-0.219022
-0.206702
-0.287427
-0.276830
-0.320936
-0.213556
-0.187977
-0.238187
-0.300827
-0.243345
-0.355078
-0.293640
-0.323594
-0.292776
-0.198422
-0.388009
-0.334689
-0.385774
-0.262177
-0.289279
-0.229520
-0.304838
-0.393941
-0.403876
-0.306558
-0.330307
-0.319574
-0.371367
-0.326735
-0.301032
-0.349070
-0.396678
-0.349039
-0.363907
-0.320908
-0.321568
-0.362049
-0.373949
-0.378442
-0.393282
-0.375451
-0.396475
-0.358216
-0.276618
-0.390531
-0.370938
-0.324893
-0.391920
-0.361996
-0.394561
-0.472172
-0.406391
-0.381712
-0.359127
-0.398932
-0.462332
-0.466069
-0.354077
-0.417200
-0.413604
-0.425290
-0.399512
-0.362367
-0.380223
-0.394347
-0.428379
-0.489729
-0.338502
-0.446685
-0.440773
-0.385182
-0.388504
-0.329336
-0.379550
-0.421080
-0.372544
-0.499989
-0.351058
-0.369095
-0.401624
-0.349192
-0.392436
-0.365811
-0.377591
-0.405508
-0.373973
-0.425447
-0.433422
-0.486859
-0.355609
-0.385963
-0.286152
-0.393060
-0.373122
-0.381553
-0.315264
-0.384569
-0.307987
-0.400231
-0.319410
-0.298437
-0.331991
-0.407653
-0.321619
-0.404121
-0.353443
-0.365703
-0.277885
-0.284391
-0.338498
-0.292108
-0.215631
-0.251123
-0.261173
-0.314061
-0.295785
-0.254904
-0.346368
-0.274277
-0.229347
-0.182698
-0.200518
-0.319674
-0.222223
-0.238147
-0.118591
-0.243016
-0.166669
-0.201013
-0.198014
-0.263628
-0.158729
-0.208117
-0.176057
-0.241095
-0.119070
-0.195074
-0.229642
-0.209873
-0.178020
-0.153107
-0.123346
-0.109686
-0.171596
-0.072983
-0.148681
-0.186249
-0.182840
-0.077935
-0.114020
-0.081575
-0.073154
-0.100825
-0.123522
-0.133437
-0.048525
-0.115620
0.002952
-0.089832
-0.012965
-0.015509
-0.095553
-0.116275
0.019413
-0.045088
-0.047828
-0.049623
-0.005392
0.026211
0.049405
-0.005083
0.075906
0.010066
0.096795
0.131258
0.113528
0.035131
0.133627
0.079795
0.127927
0.071872
0.067831
0.150404
0.104771
0.062398
0.149357
0.150875
0.143297
0.030320
0.145323
0.191170
0.179315
0.177316
0.169616
0.151843
0.129718
0.251499
0.271344
0.151800
0.298418
0.289692
0.238057
0.222909
0.208226
0.247115
0.256314
0.239380
0.199003
0.174632
0.209934
0.280433
0.180519
0.236506
0.306618
0.301033
0.231484
0.257305
0.292204
0.249259
0.294712
0.263933
0.302811
0.329364
0.222021
0.208841
0.279597
0.379367
0.394269
0.322264
0.237709
0.345351
0.341432
0.371245
0.395478
0.343278
0.343435
0.387833
0.352301
0.338047
0.381213
0.306358
0.350197
0.447395
0.408904
0.352838
0.381898
0.450269
0.373481
0.400932
0.365956
0.441811
0.307135
0.380673
0.399585
0.377869
0.341747
0.385200
0.392416
0.441057
0.442509
0.373444
0.329119
0.316169
0.364376
0.428033
0.365118
0.367154
0.349698
0.368230
0.357446
0.293565
0.478467
0.466596
0.454658
0.397777
0.455012
0.432033
0.350560
0.413792
0.458618
0.452193
0.389334
0.401434
0.348263
0.335719
0.329783
0.372316
0.457436
0.425617
0.391794
0.319967
0.404435
0.387654
0.363833
0.419542
0.372712
0.274333
0.340429
0.324330
0.281669
0.428442
0.257235
0.330575
0.284018
0.340436
0.327580
0.410562
0.316999
0.285703
0.327611
0.253355
0.321243
0.316737
0.343347
0.317311
0.309131
0.291947
0.318043
0.257769
0.277600
0.286997
0.250095
0.244295
0.254215
0.267603
0.342558
0.305577
0.226694
0.220255
0.280712
0.246559
0.202465
0.204108
0.235823
0.171973
0.111959
0.179490
0.201006
0.136373
0.295285
0.175973
0.133597
0.235631
0.184353
0.257127
0.123398
0.186834
0.206809
0.119535
0.073127
0.146799
0.170877
0.152592
0.106606
0.017969
0.087249
0.062721
0.179198
0.083814
0.025074
0.067394
0.103740
0.075392
-0.025097
-0.054078
0.028428
0.035322
-0.003138
0.119106
-0.055338
0.077233
0.068288
0.034930
0.088237
0.090438
-0.006902
-0.038284
-0.063430
-0.020968
-0.097058
-0.014755
0.004686
-0.012721
-0.074418
-0.035923
0.050837
-0.113547
-0.119744
-0.030524
-0.066359
-0.152700
-0.055421
-0.155293
-0.176350
-0.176710
-0.172036
-0.100827
-0.111381
-0.227224
-0.185587
-0.120727
-0.118179
-0.209950
-0.161731
-0.164523
-0.184100
-0.237756
-0.200097
-0.188199
-0.170334
-0.219112
-0.179048
-0.241944
-0.221982
-0.296484
-0.223214
-0.261560
-0.172507
-0.298807
-0.249673
-0.313451
-0.210882
-0.244369
-0.235372
-0.204319
-0.349652
-0.264533
-0.254889
-0.263341
-0.223059
-0.288404
-0.314691
-0.339719
-0.317655
-0.366636
-0.328017
-0.364229
-0.331727
-0.304010
-0.389384
-0.305799
-0.245512
-0.299345
-0.354327
-0.403743
-0.363463
-0.398486
-0.416222
-0.400301
-0.384769
-0.397914
-0.415619
-0.354494
-0.364912
-0.437631
-0.444060
-0.387047
-0.408386
-0.319598
-0.434158
-0.479471
-0.337872
-0.392714
-0.343767
-0.391554
-0.452514
-0.404361
-0.472906
-0.400984
-0.419984
-0.433932
-0.344847
-0.359878
-0.456068
-0.387948
-0.372175
-0.438811
-0.355087
-0.352854
-0.465283
-0.398345
-0.458080
-0.297513
-0.442695
-0.311633
-0.414881
-0.405558
-0.468289
-0.404236
-0.426483
-0.449991
-0.401235
-0.324334
-0.258109
-0.311265
-0.361800
-0.284345
-0.378899
-0.499949
-0.350794
-0.372360
-0.343848
-0.384941
-0.390562
-0.389838
-0.419625
-0.389254
-0.392687
-0.365976
-0.370249
-0.380726
-0.315350
-0.306035
-0.367879
-0.344388
-0.290086
-0.275611
-0.411755
-0.357180
-0.363363
-0.306971
-0.269426
-0.154366
-0.332941
-0.332665
-0.269652
-0.244513
-0.256287
-0.259537
-0.235581
-0.138828
-0.267367
-0.227594
-0.301477
-0.272096
-0.282850
-0.185051
-0.299820
-0.236562
-0.201927
-0.295447
-0.206979
-0.152076
-0.155008
-0.205796
-0.143554
-0.206257
-0.175670
-0.165726
-0.137452
-0.195994
-0.188644
-0.034153
-0.148594
-0.124636
-0.069189
-0.132663
-0.159171
-0.113013
-0.013305
-0.114858
-0.110611
-0.060602
-0.102234
-0.024278
-0.042323
-0.084865
-0.087849
-0.030653
-0.017180
0.044003
-0.054200
-0.065968
0.021166
0.026017
-0.059102
0.045203
0.040526
-0.026549
0.079502
0.055817
-0.007944
0.123125
0.022082
0.057533
0.057997
0.084437
-0.026000
0.013644
0.141682
0.123452
0.089199
0.049865
0.066985
0.212046
0.222259
0.104138
0.146407
0.131020
0.072694
0.179262
0.125323
0.178402
0.117540
0.263548
0.066527
0.151745
0.138388
0.149344
0.207640
0.158113
0.265500
0.235853
0.204986
0.261343
0.215424
0.198920
0.268198
0.193048
0.255534
0.182331
0.264770
0.223668
0.255672
0.292712
0.274818
0.271636
0.225996
0.311076
0.268886
0.265801
0.309348
0.288075
0.249926
0.264232
0.271662
0.215277
0.323412
0.354007
0.241434
0.361827
0.303903
0.335664
0.340229
0.336965
0.410353
0.345178
0.349272
0.329563
0.454988
0.366699
0.265126
0.390377
0.288703
0.387697
0.385867
0.424719
0.343427
0.437349
0.368648
0.313149
0.437856
0.396303
0.391108
0.444324
0.411080
0.385595
0.350223
0.327203
0.401506
0.458211
0.374080
0.452133
0.359440
0.403583
0.397718
0.374725
0.425894
0.449743
0.384925
0.370860
0.308405
0.359436
0.376349
0.416332
0.475718
0.358252
0.494230
0.409156
0.354949
0.371119
0.399018
0.298022
0.377775
0.379833
0.435147
0.459415
0.314254
0.464737
0.403597
0.411933
0.400208
0.418787
0.361904
0.462495
0.444411
0.420480
0.397076
0.373780
0.340636
0.418294
0.359261
0.370194
0.348148
0.331583
0.351527
0.339645
0.285687
0.335155
0.376264
0.381287
0.250774
0.424068
0.341453
0.309958
0.286356
0.260045
0.282816
0.259123
0.268353
0.271996
0.221860
0.296939
0.257774
0.294023
0.224942
0.252358
0.265587
0.354612
0.179088
0.237380
0.263228
0.272886
0.281391
0.186924
0.196651
0.249378
0.209104
0.206800
0.179731
0.287016
0.260932
0.225624
0.124397
0.150588
0.235793
0.162351
0.116221
0.077683
0.126314
0.094515
0.151082
0.147809
0.178072
0.154250
0.073535
0.085989
0.110995
0.108735
0.127565
0.062886
0.052198
0.102697
0.018094
-0.000410
0.080806
0.045645
-0.035334
-0.033017
0.009551
0.060452
0.115690
