0.073561
0.052209
-0.012944
0.084436
0.098844
0.024905
-0.002086
0.032003
0.046078
0.056451
0.090783
0.016003
-0.026964
0.075847
0.084657
0.052310
0.119938
0.171372
0.097657
0.056005
0.098881
0.095944
0.177008
0.179861
0.184808
0.162406
0.092945
0.170239
0.150626
0.190853
0.187821
0.190914
0.173283
0.208902
0.223531
0.258205
0.159628
0.197694
0.217492
0.174300
0.309652
0.223858
0.334712
0.239148
0.253733
0.313766
0.211350
0.277030
0.177116
0.331220
0.305538
0.336495
0.277047
0.269384
0.304179
0.315203
0.350388
0.315097
0.325114
0.380915
0.235981
0.377124
0.313766
0.406575
0.352725
0.417849
0.327538
0.296779
0.334425
0.328694
0.405334
0.337552
0.301281
0.227254
0.342598
0.397615
0.378611
0.346281
0.335770
0.356617
0.370078
0.432282
0.382404
0.426351
0.306011
0.392529
0.350561
0.400218
0.427556
0.364075
0.411951
0.324272
0.436984
0.402702
0.326069
0.396655
0.416333
0.515761
0.403002
0.374895
0.368503
0.439001
0.414640
0.464033
0.420270
0.343914
0.374684
0.396310
0.378699
0.375319
0.314035
0.460735
0.358834
0.408462
0.385175
0.418762
0.333717
0.403592
0.280131
0.421092
0.392283
0.406323
0.425424
0.429143
0.455138
0.357057
0.371735
0.397251
0.383815
0.360867
0.389641
0.337253
0.398226
0.412176
0.323343
0.384714
0.379292
0.340295
0.271758
0.401697
0.408512
0.284636
0.291316
0.324764
0.292395
0.335631
0.292636
0.334307
0.282889
0.405636
0.349987
0.343528
0.287716
0.257568
0.314305
0.233050
0.311937
0.275586
0.303375
0.169627
0.322060
0.210938
0.184796
0.314274
0.199895
0.134818
0.257440
0.159227
0.199483
0.146725
0.174756
0.244678
0.198975
0.216156
0.176661
0.183139
0.144760
0.213545
0.110351
0.140173
0.076150
0.072998
0.180158
0.165466
0.177942
0.179159
0.114667
0.100458
0.072028
0.146552
0.171259
0.130297
0.054197
0.142253
0.085596
0.111301
0.061389
0.103955
-0.065229
0.103544
0.167538
0.023040
-0.045149
-0.014692
0.038113
0.113465
0.035298
-0.107970
0.054852
-0.040658
0.031314
-0.067762
-0.084134
-0.032020
-0.096631
-0.068534
-0.071007
-0.050094
-0.200890
-0.117605
0.027110
-0.127937
-0.011249
-0.020460
-0.145352
-0.172235
-0.162278
-0.142824
-0.041752
-0.115217
-0.117204
-0.128922
-0.144496
-0.114883
-0.184346
-0.165068
-0.222840
-0.162403
-0.192911
-0.288860
-0.079453
-0.254558
-0.220767
-0.279153
-0.250536
-0.301798
-0.266759
-0.249640
-0.246400
-0.355716
-0.284350
-0.197313
-0.155247
-0.198612
-0.280972
-0.312651
-0.317633
-0.273532
-0.346091
-0.201851
-0.299843
-0.217559
-0.336402
-0.281378
-0.377794
-0.407064
-0.304041
-0.327281
-0.417454
-0.284910
-0.447202
-0.319754
-0.304141
-0.394836
-0.386355
-0.284906
-0.369544
-0.450587
-0.365659
-0.406479
-0.349737
-0.423223
-0.354583
-0.434197
-0.423192
-0.379556
-0.427992
-0.447315
-0.441180
-0.383187
-0.406500
-0.400393
-0.316822
-0.380139
-0.452572
-0.349384
-0.390591
-0.345855
-0.392032
-0.354444
-0.491159
-0.423926
-0.361837
-0.446700
-0.453280
-0.441548
-0.421679
-0.407658
-0.389790
-0.403426
-0.422441
-0.406265
-0.405471
-0.369709
-0.281970
-0.368233
-0.348253
-0.428156
-0.336515
-0.326034
-0.411108
-0.361401
-0.413398
-0.407698
-0.440110
-0.388483
-0.366017
-0.365108
-0.246922
-0.409169
-0.315266
-0.456630
-0.341240
-0.340387
-0.351510
-0.350264
-0.359499
-0.379526
-0.344875
-0.371508
-0.326634
-0.388323
-0.297827
-0.261462
-0.308624
-0.328405
-0.474352
-0.306826
-0.313811
-0.334246
-0.388549
-0.307557
-0.286121
-0.225280
-0.173566
-0.319093
-0.275223
-0.351327
-0.335378
-0.246140
-0.191255
-0.355666
-0.237271
-0.294138
-0.204361
-0.208457
-0.228659
-0.210292
-0.264510
-0.254598
-0.237085
-0.162461
-0.161932
-0.264514
-0.127289
-0.234464
-0.167327
-0.197934
-0.177627
-0.153750
-0.278456
-0.190032
-0.212519
-0.137253
-0.115540
-0.158821
-0.091810
-0.178796
-0.130684
-0.178388
-0.200412
-0.161706
-0.032883
-0.090774
-0.123776
-0.091311
-0.102777
-0.108661
-0.065582
-0.070789
-0.143733
-0.051345
-0.048923
0.015975
-0.047500
-0.054618
-0.014880
-0.062580
-0.037199
-0.018725
0.071456
-0.097342
-0.000343
0.000257
0.030168
0.008746
0.039885
0.065731
0.068198
-0.002943
0.076591
0.080208
0.069785
0.027822
0.002773
0.131246
0.110147
0.133486
0.125670
0.170651
0.173090
0.038188
0.138193
0.162260
0.138799
0.222976
0.156767
0.130961
0.195315
0.173765
0.160065
0.198444
0.203039
0.147771
0.156361
0.202411
0.237554
0.223173
0.209719
0.258173
0.287825
0.273210
0.153380
0.205640
0.223761
0.209887
0.227816
0.202658
0.344520
0.230399
0.269845
0.323744
0.241505
0.188608
0.303247
0.298187
0.402876
0.301944
0.280064
0.350936
0.308543
0.303566
0.208737
0.359983
0.384575
0.361876
0.288479
0.223853
0.376290
0.328342
0.392110
0.385919
0.357192
0.393897
0.381513
0.422807
0.385197
0.439959
0.365594
0.329430
0.443444
0.366824
0.391747
0.519684
0.323264
0.296250
0.362798
0.420689
0.392354
0.422401
0.317838
0.402710
0.297680
0.418770
0.422332
0.404515
0.316353
0.461415
0.403699
0.407419
0.353081
0.435873
0.442165
0.375866
0.441648
0.511591
0.458651
0.442245
0.493324
0.362731
0.435874
0.344170
0.460618
0.449197
0.391233
0.271213
0.398690
0.366776
0.389129
0.412406
0.491341
0.437946
0.440405
0.339347
0.420152
0.312016
0.320292
0.295749
0.374301
0.370216
0.416865
0.343200
0.321919
0.513325
0.385674
0.360589
0.389906
0.356210
0.237804
0.301036
0.332603
0.341654
0.272320
0.316947
0.328071
0.273188
0.304127
0.278881
0.363916
0.364827
0.299214
0.279528
0.348768
0.254240
0.268986
0.237338
0.224421
0.328720
0.256392
0.284778
0.193438
0.193897
0.241035
0.189322
0.137961
0.202753
0.217199
0.160773
0.214256
0.308925
0.193342
0.184129
0.186985
0.211980
0.137046
0.071229
0.205846
0.198803
0.185086
0.055720
0.172731
0.184655
0.129380
0.115395
0.128772
0.108452
0.131174
0.137651
0.108631
0.031634
0.080276
0.072333
0.106572
0.083655
0.035518
0.051095
0.016915
0.041865
-0.095794
0.018133
0.091025
-0.063119
-0.020621
-0.040423
-0.044184
-0.058077
-0.007664
-0.016617
-0.017358
-0.019665
-0.013538
-0.018874
-0.022539
-0.042826
-0.115909
-0.029654
-0.052356
-0.077240
-0.025845
-0.140431
-0.070215
-0.123885
-0.083009
-0.084717
-0.198441
-0.110809
-0.065434
-0.222632
-0.190181
-0.153440
-0.206298
-0.189833
-0.176767
-0.196018
-0.250748
-0.219194
-0.153129
-0.237680
-0.170396
-0.294703
-0.188090
-0.246510
-0.208053
-0.182622
-0.221075
-0.204015
-0.282968
-0.259770
-0.234683
-0.338795
-0.274628
-0.183560
-0.238985
-0.253424
-0.290400
-0.224015
-0.212989
-0.261324
-0.395794
-0.368965
-0.274433
-0.217066
-0.288099
-0.262950
-0.358239
-0.328708
-0.310168
-0.315496
-0.305013
-0.323342
-0.326144
-0.363186
-0.310034
-0.275614
-0.342935
-0.445516
-0.374868
-0.412924
-0.363732
-0.350635
-0.374804
-0.429612
-0.325076
-0.396947
-0.328916
-0.346727
-0.419043
-0.372179
-0.453601
-0.379891
-0.358660
-0.470276
-0.283250
-0.393305
-0.339369
-0.394790
-0.387422
-0.303157
-0.401943
-0.322462
-0.408760
-0.405218
-0.427289
-0.393849
-0.417497
-0.460549
-0.411371
-0.411512
-0.458884
-0.321932
-0.397150
-0.406565
-0.449572
-0.444480
-0.441752
-0.439722
-0.344286
-0.400632
-0.410119
-0.349780
-0.413470
-0.359151
-0.371510
-0.318535
-0.354328
-0.481491
-0.361871
-0.388306
-0.396202
-0.367059
-0.294548
-0.357310
-0.388469
-0.309567
-0.378219
-0.338732
-0.326376
-0.195697
-0.394777
-0.360704
-0.336301
-0.327011
-0.392423
-0.348034
-0.347745
-0.280378
-0.308484
-0.299653
-0.311787
-0.406511
-0.303331
-0.266148
-0.375735
-0.334573
-0.188488
-0.335619
-0.291071
-0.223239
-0.213214
-0.335558
-0.293533
-0.292388
-0.230837
-0.184768
-0.263387
-0.232507
-0.230015
-0.299932
-0.306481
-0.232273
-0.196063
-0.234587
-0.252677
-0.220871
-0.186732
-0.239987
-0.076559
-0.161360
-0.246126
-0.195153
-0.165259
-0.231877
-0.237663
-0.126153
-0.235689
-0.085561
-0.211375
-0.159990
-0.127174
-0.159239
-0.112552
-0.146387
-0.022253
-0.045791
-0.111162
-0.081488
-0.072857
-0.021592
-0.027748
-0.064850
-0.022928
-0.137140
-0.033000
-0.065389
-0.000178
0.059627
-0.018795
0.028802
-0.032527
0.009797
0.070304
0.035050
-0.034553
0.058912
0.032732
0.034674
0.042395
0.041888
0.091577
0.094843
0.079126
0.030399
0.132657
0.093400
0.182206
0.126180
0.080924
0.179660
0.046116
0.109542
0.049748
0.091420
0.192912
0.063755
0.135725
0.111024
0.217669
0.171031
0.174283
0.166448
0.259386
0.187959
0.284431
0.100373
0.281373
0.181930
0.262125
0.241276
0.156396
0.261938
0.256974
0.301381
0.261277
0.219303
0.246672
0.241115
0.229305
0.373532
0.315949
0.338105
0.318785
0.324074
0.343429
0.350629
0.289818
0.403829
0.265092
0.323022
0.342525
0.313790
0.378870
0.321052
0.295082
0.430082
0.319799
0.332818
0.377248
0.423337
0.356314
0.333455
0.266847
0.375279
0.349406
0.332175
0.417550
0.416580
0.293065
0.371852
0.409001
0.370241
0.325059
0.426026
0.427696
0.443865
0.294598
0.377981
0.356617
0.361290
0.388782
0.349821
0.365447
0.347371
0.344076
0.487315
0.386200
0.475259
0.370331
0.412151
0.364390
0.396827
0.476259
0.422861
0.403915
0.313248
0.318734
0.389161
0.423019
0.316367
0.379060
0.387337
0.380845
0.381211
0.442051
0.310744
0.392257
0.366314
0.441072
0.319364
0.352157
0.301739
0.426674
0.326822
0.352284
0.405433
0.346093
0.426037
0.366435
0.278390
0.393601
0.378591
0.338389
0.298448
0.412698
0.328620
0.379537
0.273343
0.252418
0.301578
0.301820
0.313754
0.356147
0.338792
0.370168
0.310192
0.304454
0.254652
0.248918
0.256420
0.353198
0.245757
0.206808
0.281415
0.307022
0.166132
0.190367
0.260508
0.352202
0.280308
0.291401
0.220992
0.249525
0.169195
0.187113
0.224408
0.226173
0.269969
0.195919
0.287378
0.230991
0.135582
0.192484
0.137504
0.279905
0.242588
0.241318
0.138648
0.139541
0.109502
0.130586
0.090092
0.119693
0.034778
0.143681
0.072682
0.125495
0.127440
0.107726
0.161192
0.086382
0.087066
0.076757
0.093939
0.148060
-0.009181
-0.001879
0.007812
-0.003181
-0.012129
0.123892
0.030435
0.025462
0.059355
0.023058
0.051844
